valid_AphiaID
372563
144937
145544
372579
494940
145950
140482
157188
372521
145765
144910
144918
372181
371791
496237
283377
372539
495958
144997
372566
140467
372610
375110
372549
140103
145322
145863
394848
372616
372625
1345055
145869
423276
372473
371891
283347
157151
466975
594746
234483
106210
100982
100832
758426
494945
372431
371985
283337
372621
607838
498042
144404
376220
372561
372235
145307
326735
373914
145984
145940
145108
145802
234471
372626
145410
234476
145310
234474
145712
163258
372794
494902
372471
1356699
498493
1535277
157207
144687
373820
145029
144419
145316
1313320
372268
240752
373978
145856
1474998
373956
501335
375031
146355
372623
373788
140431
372575
